27 10 41 34
11 26 26 3
27 13 18 19
27 21 34 12 3
27 14 26 15
27 19 36
43 27 7
4 26 14
43 42 26 3
27
27 39 22 5 19 27
33 30 32 30 32 27
28 25 27 1
18 9 20 27
43 26
27 10 36
26 25 43
29 25 43 27
33 17 1 36 5 27 22 10
27 10 3 31 23
27 10 22
43 27 29 25 31
19 6 27 10 31 23 5 37
19 27 10 15 6
27 38 26 2
27 25 3
3 19 27 10
43 27 19
21 19 27 14 21 19
43 27
24 37 43 27
43 26 29 25 38 35
27 38 41 16 34 12
43 27 29 25 40 20 3 23
38 27 30 29 25
20 40 43 27
27 30
4 27 40
27
27
26 42 3
43 27 8 41
3 27
43 27 35
19 43 27
9 28 27
41 37 19 28 27
19 2 24 27 43
27 16 28 16 43 35 13 26 21 19
8 43 27 3 43 21
0 33 1 33 39 27 21 0 7 24
4 27
31 15 9 13 27 11
43 27 8 19 4 42 11 43 35
27 11 19
17 21 5 27 11
15 18 9 27
18 42 13 27
26 25 15
37 18 9 33 1 13 27
15 17 13 27
24 33 36 26 32 19
0 43 27 7 10
28 27 11 19
22 28 27 34 12
23 3 27
19 4 26 11
27 19 10 40 29 25
27 6
0 26 4 38 34 12
7 26 23 3 15
3 39 27 14 36 2
27 19 29 8
27 28
43 27 10 8
43 26 11 3 8
27
27 14
41 29 8 27
43 27 15 3 43
11 29 8 27
43 26 17
28 40 26 11
27 19 4 26 25
25 30 15 26 20 33 30
27 14 39
23 3 9 26 3 8 6
2 27
3 43 27 32 3 26 15 3 19 28
27 8 13 43
28 27
43 27
25 33 16 25 27 4
3 27 14
27 5 16
27 30
19 27 25
