1 5 8 20
13 8 19
5 5 8 20
18 13 4 9 8 20 13
6 5 8 20
9 16 5 5 8 20
8 18
8 20
6 7 2 8 25
8 20
10 8 20
4 6 19 8 20 2 9
15 9 16 6 17 8 20 6 5 7 16
23 8 20 17
9 8 20 7
8 2 20
12 16 18 8 16 24 0 17 0 13 23 16 11
19 14 17 9 19 8
6 6 25 2 8 4
2 8 13
8 20
8 20
8 20
5 8 20 24 23 22 23 22 5 22 25
8 20 6
6 7 8 6
8 23
5 8 20
8 23 22
1 5 8 3 1 17 16 4 4 13
1 5 8 20 24 16
8 20 21 8 12
25 8 15 17 4
3 0 5 8 20 10 4
11 8
11 18 5 8 20 17 4
19 13 21 8
21 8 20 7
21 8 20
23 8 20
5 8 20 6
4
4 6 17 8 20 8 20
14 23 19 16 25 8 20 11 16
3 6 13 8 10 11 7
8 12 4
6 7 8 20 5 4 17
5 8 20 17 7
3 11 8 20 19
13 25 8 10 9
11 21 20 1 5 20 8
13 8 20 7
24 16 7 14 25 8
17 8 6
0 5 8 20 9 1 17 4
12 9 8
8
17 9 21 8
9 6 6 17 5 20 8
5 8
11 17 5 8 20
14 6 17 16 8 20 15
11 17 4 8 20
8 20 16 18 15
